2
12;
97 0.0 0.08333333333333333;98 0.08333333333333333 0.16666666666666666;100 0.16666666666666666 0.25;104 0.25 0.3333333333333333;105 0.3333333333333333 0.41666666666666663;110 0.41666666666666663 0.49999999999999994;114 0.49999999999999994 0.5833333333333333;115 0.5833333333333333 0.6666666666666666;116 0.6666666666666666 0.75;117 0.75 0.8333333333333334;118 0.8333333333333334 1.0;
12;
10 0.0 0.08333333333333333;13 0.08333333333333333 0.16666666666666666;32 0.16666666666666666 0.25;51 0.25 0.3333333333333333;59 0.3333333333333333 0.41666666666666663;102 0.41666666666666663 0.49999999999999994;109 0.49999999999999994 0.5833333333333333;110 0.5833333333333333 0.6666666666666666;111 0.6666666666666666 0.75;115 0.75 0.8333333333333334;117 0.8333333333333334 0.9166666666666667;118 0.9166666666666667 1.0;
12;
32 0.0 0.08333333333333333;50 0.08333333333333333 0.16666666666666666;52 0.16666666666666666 0.25;97 0.25 0.3333333333333333;101 0.3333333333333333 0.41666666666666663;110 0.41666666666666663 0.49999999999999994;114 0.49999999999999994 0.5833333333333333;117 0.5833333333333333 0.6666666666666666;118 0.6666666666666666 0.9166666666666666;119 0.9166666666666666 1.0;
12;
32 0.0 0.16666666666666666;103 0.16666666666666666 0.41666666666666663;105 0.41666666666666663 0.49999999999999994;106 0.49999999999999994 0.6666666666666666;111 0.6666666666666666 0.75;114 0.75 0.9166666666666666;115 0.9166666666666666 1.0;
12;
10 0.0 0.08333333333333333;13 0.08333333333333333 0.16666666666666666;51 0.16666666666666666 0.25;61 0.25 0.3333333333333333;103 0.3333333333333333 0.41666666666666663;106 0.41666666666666663 0.49999999999999994;107 0.49999999999999994 0.5833333333333333;111 0.5833333333333333 0.6666666666666666;114 0.6666666666666666 0.8333333333333333;118 0.8333333333333333 0.9166666666666666;119 0.9166666666666666 1.0;
12;
32 0.0 0.16666666666666666;46 0.16666666666666666 0.25;47 0.25 0.3333333333333333;52 0.3333333333333333 0.41666666666666663;61 0.41666666666666663 0.49999999999999994;103 0.49999999999999994 0.5833333333333333;112 0.5833333333333333 0.6666666666666666;115 0.6666666666666666 0.75;116 0.75 0.8333333333333334;119 0.8333333333333334 0.9166666666666667;122 0.9166666666666667 1.0;
12;
10 0.0 0.08333333333333333;13 0.08333333333333333 0.16666666666666666;49 0.16666666666666666 0.25;59 0.25 0.3333333333333333;100 0.3333333333333333 0.41666666666666663;101 0.41666666666666663 0.49999999999999994;102 0.49999999999999994 0.5833333333333333;106 0.5833333333333333 0.6666666666666666;107 0.6666666666666666 0.75;108 0.75 0.8333333333333334;119 0.8333333333333334 1.0;
12;
50 0.0 0.08333333333333333;52 0.08333333333333333 0.16666666666666666;99 0.16666666666666666 0.25;101 0.25 0.3333333333333333;102 0.3333333333333333 0.41666666666666663;104 0.41666666666666663 0.49999999999999994;107 0.49999999999999994 0.5833333333333333;110 0.5833333333333333 0.9166666666666665;117 0.9166666666666665 0.9999999999999999;
12;
10 0.0 0.16666666666666666;13 0.16666666666666666 0.3333333333333333;101 0.3333333333333333 0.41666666666666663;102 0.41666666666666663 0.5833333333333333;103 0.5833333333333333 0.6666666666666666;105 0.6666666666666666 0.75;110 0.75 0.8333333333333334;113 0.8333333333333334 0.9166666666666667;119 0.9166666666666667 1.0;
12;
32 0.0 0.08333333333333333;59 0.08333333333333333 0.16666666666666666;97 0.16666666666666666 0.25;101 0.25 0.3333333333333333;102 0.3333333333333333 0.41666666666666663;105 0.41666666666666663 0.5833333333333333;109 0.5833333333333333 0.6666666666666666;111 0.6666666666666666 0.75;118 0.75 0.8333333333333334;119 0.8333333333333334 0.9166666666666667;121 0.9166666666666667 1.0;
4;
10 0.0 0.25;13 0.25 0.5;97 0.5 0.75;114 0.75 1.0;
