11
97 0.08333333333333336
98 0.16666666666666669
100 0.25
104 0.3333333333333333
105 0.41666666666666663
110 0.49999999999999994
114 0.5833333333333333
115 0.6666666666666666
116 0.75
117 0.8333333333333334
118 1.0
12
12
10 0.08333333333333325
13 0.16666666666666657
32 0.2499999999999999
51 0.3333333333333332
59 0.4166666666666665
102 0.49999999999999983
109 0.5833333333333331
110 0.6666666666666665
111 0.7499999999999999
115 0.8333333333333333
117 0.9166666666666666
118 1.0
12
10
32 0.08333333333333336
50 0.16666666666666669
52 0.25
97 0.3333333333333333
101 0.41666666666666663
110 0.49999999999999994
114 0.5833333333333333
117 0.6666666666666666
118 0.9166666666666666
119 1.0
12
7
32 0.16666666666666669
103 0.4166666666666667
105 0.5
106 0.6666666666666666
111 0.75
114 0.9166666666666666
115 1.0
12
11
10 0.08333333333333336
13 0.16666666666666669
51 0.25
61 0.3333333333333333
103 0.41666666666666663
106 0.49999999999999994
107 0.5833333333333333
111 0.6666666666666666
114 0.8333333333333333
118 0.9166666666666666
119 1.0
12
11
32 0.16666666666666657
46 0.2499999999999999
47 0.3333333333333332
52 0.4166666666666665
61 0.49999999999999983
103 0.5833333333333331
112 0.6666666666666665
115 0.7499999999999999
116 0.8333333333333333
119 0.9166666666666666
122 1.0
12
11
10 0.08333333333333336
13 0.16666666666666669
49 0.25
59 0.3333333333333333
100 0.41666666666666663
101 0.49999999999999994
102 0.5833333333333333
106 0.6666666666666666
107 0.75
108 0.8333333333333334
119 1.0
12
9
50 0.08333333333333336
52 0.16666666666666669
99 0.25
101 0.3333333333333333
102 0.41666666666666663
104 0.49999999999999994
107 0.5833333333333333
110 0.9166666666666666
117 1.0
12
9
10 0.16666666666666655
13 0.3333333333333332
101 0.4166666666666665
102 0.5833333333333331
103 0.6666666666666665
105 0.7499999999999999
110 0.8333333333333333
113 0.9166666666666666
119 1.0
12
11
32 0.08333333333333325
59 0.16666666666666657
97 0.2499999999999999
101 0.3333333333333332
102 0.4166666666666665
105 0.5833333333333331
109 0.6666666666666665
111 0.7499999999999999
118 0.8333333333333333
119 0.9166666666666666
121 1.0
12
4
10 0.25
13 0.5
97 0.75
114 1.0
4
