2
12;
-110 0.0 0.08333333333333333;-37 0.08333333333333333 0.16666666666666666;-26 0.16666666666666666 0.25;-24 0.25 0.3333333333333333;-23 0.3333333333333333 0.41666666666666663;-11 0.41666666666666663 0.49999999999999994;33 0.49999999999999994 0.5833333333333333;49 0.5833333333333333 0.6666666666666666;63 0.6666666666666666 0.8333333333333333;94 0.8333333333333333 0.9166666666666666;110 0.9166666666666666 1.0;
12;
-123 0.0 0.08333333333333333;-101 0.08333333333333333 0.16666666666666666;-58 0.16666666666666666 0.3333333333333333;-37 0.3333333333333333 0.41666666666666663;-21 0.41666666666666663 0.49999999999999994;-12 0.49999999999999994 0.5833333333333333;63 0.5833333333333333 0.6666666666666666;86 0.6666666666666666 0.8333333333333333;102 0.8333333333333333 0.9166666666666666;109 0.9166666666666666 1.0;
12;
-122 0.0 0.08333333333333333;-117 0.08333333333333333 0.16666666666666666;-76 0.16666666666666666 0.25;-72 0.25 0.3333333333333333;-65 0.3333333333333333 0.41666666666666663;-24 0.41666666666666663 0.49999999999999994;5 0.49999999999999994 0.5833333333333333;8 0.5833333333333333 0.6666666666666666;63 0.6666666666666666 0.9166666666666666;99 0.9166666666666666 1.0;
12;
-81 0.0 0.08333333333333333;-69 0.08333333333333333 0.16666666666666666;-66 0.16666666666666666 0.25;-29 0.25 0.3333333333333333;-22 0.3333333333333333 0.41666666666666663;8 0.41666666666666663 0.49999999999999994;14 0.49999999999999994 0.5833333333333333;30 0.5833333333333333 0.6666666666666666;63 0.6666666666666666 0.75;64 0.75 0.8333333333333334;92 0.8333333333333334 0.9166666666666667;98 0.9166666666666667 1.0;
12;
-126 0.0 0.08333333333333333;-89 0.08333333333333333 0.16666666666666666;-85 0.16666666666666666 0.25;-62 0.25 0.3333333333333333;-40 0.3333333333333333 0.41666666666666663;50 0.41666666666666663 0.49999999999999994;54 0.49999999999999994 0.5833333333333333;63 0.5833333333333333 0.7499999999999999;75 0.7499999999999999 0.8333333333333333;93 0.8333333333333333 0.9166666666666666;127 0.9166666666666666 1.0;
12;
-74 0.0 0.08333333333333333;-71 0.08333333333333333 0.16666666666666666;-68 0.16666666666666666 0.25;-60 0.25 0.3333333333333333;-25 0.3333333333333333 0.41666666666666663;15 0.41666666666666663 0.49999999999999994;17 0.49999999999999994 0.5833333333333333;45 0.5833333333333333 0.6666666666666666;50 0.6666666666666666 0.75;63 0.75 0.8333333333333334;68 0.8333333333333334 0.9166666666666667;120 0.9166666666666667 1.0;
12;
-112 0.0 0.08333333333333333;-44 0.08333333333333333 0.16666666666666666;-36 0.16666666666666666 0.25;-28 0.25 0.3333333333333333;-22 0.3333333333333333 0.41666666666666663;-20 0.41666666666666663 0.49999999999999994;-18 0.49999999999999994 0.5833333333333333;0 0.5833333333333333 0.6666666666666666;12 0.6666666666666666 0.75;63 0.75 0.9166666666666666;65 0.9166666666666666 1.0;
4;
0 0.0 1.0;
